pathway NES_avg padj_avg padj NES gene_ratio NES_GSEA FDR q-val_GSEA gene_ratio_GSEA gene_ratio_avg
GO:0071705 1.86044730800692 0.0487548645875958 0.0487548645875958 1.86044730800692 0.208333333333333 NA NA NA 0.208333333333333
GO:0072528 2.3135893 0 NA NA NA 2.3135893 0 0.33 0.33
GO:0006220 2.2541687 0.00046212127 NA NA NA 2.2541687 0.00046212127 0.44 0.44
GO:0072527 2.1191976 0.003454048 NA NA NA 2.1191976 0.003454048 0.29 0.29
